0.03142008
0.01040782
0.02261091
0.01320355
0.02428569
-0.02176974
-0.003211137
-0.01206833
-0.06131773
-0.01384661
-0.03003983
-0.01606023
0.01449517
0.0159273
-0.03171449
0.04482789
0.00398594
-0.008178847
0.02480437
0.03000643
0.00558908
0.01746613
0.02279476
-0.01522629
0.01686558
0.01250765
0.003229897
0.03502113
-0.01037817
0.00355387
0.01960689
0.01692576
0.002383381
-0.02930967
0.02022232
0.005271189
0.02912407
-0.0226927
0.02331147
0.007395389
0.00939628
-0.01277898
-0.01849893
0.01332568
0.05986845
0.01418982
0.01008486
-0.04728621
-0.03646992
0.03400473
0.02123889
-0.001685618
-0.02120011
0.009618028
-0.03426756
-0.005235157
0.008072333
-0.02810965
-0.003155082
0.03638177
-0.01087632
0.02479588
0.00726079
0.004242123
0.006219099
-0.007259365
0.001411553
0.00326121
-0.01806962
-0.008018781
0.003866085
-0.006375703
0.009548375
-0.00279442
0.009559397
-0.009181288
0.00219004
-0.03001756
0.00565868
0.01068707
-0.01774592
0.01896881
0.006319753
0.005601021
-0.02491348
-0.0406672
-0.03285163
0.01274431
-0.04499013
-0.03047876
0.05679383
0.01735849
-0.01878376
-0.004962406
0.02736252
0.006378816
-0.008185361
0.0003287123
0.02739229
0.009309843
-0.01058971
-0.007472015
-0.01184405
8.1619e-05
-0.02478442
-0.02730372
-0.008199994
0.04258855
-0.02642584
-0.0248675
-0.01019337
-0.0009720321
-0.03389855
-0.006698763
0.01824702
0.01195252
0.02801206
0.009509867
0.005063711
0.01554502
-0.01871755
0.02568917
-0.01229592
-0.02679424
-0.0265483
-0.01612866
0.01039183
-0.03624778
0.01718922
-0.01374621
0.01090181
0.02037358
0.0008999101
-0.03739098
-0.03207103
0.001348998
0.08461724
0.0355489
0.04646567
-0.01403675
0.01297655
0.006263469
-0.01100748
0.07180383
0.01904678
0.03862444
-0.03750211
0.06120514
-0.01867359
-0.01815269
-0.0157414
0.02785571
0.006325077
-0.01501509
0.0160892
0.006563
0.03177088
0.01007445
-0.01927762
0.004577543
0.01121638
0.01027951
0.002367706
0.01168822
0.02590694
-0.01593942
-0.008899647
0.01831035
0.001897779
-0.0007194075
0.03787355
0.01046473
0.02468954
0.01010515
-0.007190158
-0.01693974
0.01420727
-0.0002433045
-0.01063908
0.03888264
0.007539642
-0.01044106
-0.009293508
-0.01683964
0.02761449
-0.03820046
-0.005057014
0.002593388
0.01116092
-0.01128429
0.01748532
0.01156917
-0.004021964
0.01941921
-0.02050246
0.02808387
-0.005518725
-0.02328805
-0.01566898
-0.005708821
0.02342449
-0.007242454
0.01258028
-0.01046243
-0.002178386
-0.01642937
0.005098147
0.01042211
0.02603304
-0.01344055
-0.004861498
-0.01375157
-0.01865529
-0.02906797
-0.003589274
0.01130093
0.01092361
-0.03118974
0.03137811
-0.01524721
0.0146819
-0.02351851
0.01170129
0.004503264
0.01176444
-0.004890279
-0.003904262
-0.01724678
-0.02706739
0.01062799
0.01251592
-0.04037366
0.03578759
-0.008321554
-0.006155399
-0.008973404
-0.008854047
0.01090653
0.0712172
0.01873315
-0.007767966
0.02032331
-0.004967257
-0.01395581
0.02647613
-0.01859824
0.002592207
-0.02080501
0.009178306
0.02276255
-0.01602443
0.01280415
0.001074611
-0.02110419
0.01703861
-0.02021246
-0.008102223
0.002646606
0.01718502
0.004521212
-0.01563954
0.02551489
0.02010505
0.03459202
0.00719144
0.01973345
-0.00324361
-0.01241153
0.02134721
-0.02279783
-0.01445351
0.01411838
0.009007628
-0.00906345
0.008398937
0.003152266
0.005890584
-0.01159396
0.02305513
0.01689574
0.004631213
0.006669567
0.0006855471
-0.01369514
0.01332607
0.01174451
0.003486217
0.00399155
0.009474413
-0.01408952
-0.004793163
-0.01664066
-0.01185848
0.005733088
0.007770167
-0.00206968
-0.02872352
-0.004712859
-0.004183471
0.0105897
0.005768713
0.01486613
0.002563067
0.02115892
0.01136937
0.02240861
0.01706621
0.003220266
0.004047824
0.03366504
0.004751957
-0.006325076
0.006040609
-0.02360727
0.01192121
-0.009641882
0.02558666
0.01304141
0.02394661
0.02187404
0.01018746
-0.005966961
0.04752905
-0.01366301
0.02384142
-0.04397064
0.0313373
0.02680208
-0.0003714362
-0.03144386
0.01294878
-0.02163239
0.03624033
0.02455617
-0.006815198
0.0002441921
0.007500414
0.00812589
0.008735718
-0.03874897
-0.02449034
0.0161991
-0.0223527
0.008351226
0.04244171
0.01222522
0.01089211
-0.009773586
-0.08235105
0.006654056
8.607786e-05
0.006352818
0.007544907
0.01416789
-0.002431362
0.02372374
0.007309917
-0.005180847
0.005546963
0.01357377
0.007793948
-0.01532563
0.009575956
-0.01131593
-0.001905268
0.04862597
0.02876329
0.0142439
0.0146277
0.0215125
-0.001214839
0.02045437
-0.004493755
0.02247596
-0.002652621
0.02816224
-0.006865273
0.01434966
-0.02671778
-0.01926185
-0.01896514
0.02286118
0.01836996
-0.02045527
-0.01850503
0.02775141
0.0114816
0.02746062
0.0175821
0.0006187713
-0.004993561
0.008925108
0.01996985
-0.01705554
0.02991007
0.01352761
0.0334587
0.005702456
-0.02673096
-0.03212752
0.01653447
-0.02236142
0.01669284
0.02440614
-0.05320903
-0.09563168
-0.1300709
0.01427993
-0.005495788
-0.01923255
-0.01492932
-0.006883155
-0.07076573
0.04965748
0.05714896
0.01145285
-0.01983595
-0.01500602
0.03492134
-0.0222655
0.04198646
-0.02405486
0.02623087
0.01533032
0.003243867
0.01827292
-0.008868185
0.02305812
-0.04762709
0.001468902
0.03990527
-0.03651201
0.001423424
0.004563921
-0.01484184
-0.002722407
-0.01475113
0.001579631
0.05013847
0.01789115
-0.002140522
0.01138758
-0.007331949
-0.006496922
0.007489839
-0.03193246
0.03182218
-0.003203401
-0.03223066
-0.008837251
-0.002154167
0.0183156
0.008883537
0.01417724
-0.003293739
0.007938432
0.02240176
-0.009285277
0.02918872
-0.01825058
-0.008002353
-0.03083494
-0.005426806
0.002848081
0.01699353
0.01902251
-0.002674729
0.005702289
-0.0005399449
0.01056623
0.01133672
0.009675834
0.02477516
0.01066377
-0.01680887
0.01610151
-0.03298867
0.01400652
0.005821377
-0.0006489506
-0.01275652
0.02017704
0.007736163
0.01403479
0.02700788
9.698829e-05
-0.006577683
0.02005059
0.02330519
0.001088954
0.01214644
0.003587845
-0.01648082
0.02048272
-0.03102509
0.02155971
0.02110468
0.01216057
0.01843574
0.00515989
0.002381371
0.003734993
0.01289226
0.009116207
-0.01414991
-0.01066573
0.005750518
0.006032785
0.02720777
-0.07261686
0.03969326
-0.03547617
0.007611374
0.004374079
0.007374625
0.006884756
0.0191771
-0.00554827
0.004149836
-0.007798657
0.01706608
-0.003401313
-0.03545954
-0.002297224
-0.04015881
0.01559303
0.008125912
-0.002701307
-0.02609495
0.03453485
0.007097552
0.0117088
-0.01381202
0.008033598
0.0004117085
0.01244868
-0.02714087
-0.01809667
0.02780712
0.03943205
0.007472057
-0.0001692789
0.02390957
-0.01232928
0.01164064
-0.02082658
0.007260516
0.001116699
0.02450065
-0.01563993
-0.0228525
-0.02457525
-0.02745696
-0.02318639
-0.05106367
0.03485769
0.002600769
-0.02052462
-0.01754397
-0.0170729
0.01765089
-0.03751687
0.04065804
-0.02518003
0.02316185
0.006042263
0.01071565
-0.006390168
0.02234448
0.01701658
-0.002841541
0.01497209
-0.009175346
-0.0237652
-0.01813856
0.05252497
0.01149196
0.02055668
0.04642069
0.02666237
-0.009282652
0.0130959
0.01202024
-0.003633787
-0.01649
0.0208436
0.0003730022
0.01333779
0.009939967
-0.01357434
0.004685326
-0.01337688
-0.008955656
0.01360232
0.03216666
-0.02704061
0.007509398
-0.01194691
-0.01759935
0.007836396
0.01635929
0.01038638
-0.008599695
0.01627407
-0.0001549735
-0.003986049
0.02203366
0.003191441
-0.01613737
-0.01426213
0.0112249
-0.005220913
-0.01212293
0.0005244841
0.02855673
-0.02137326
0.01836238
0.004004055
-0.0264874
-0.01708086
-0.002448931
0.01028752
0.01406573
0.006662305
0.04895743
0.03119654
-0.01016257
0.00901723
-0.008102195
-0.01625739
0.005635047
0.003375588
-0.002548867
0.003082087
-0.02021757
0.003455584
0.01336386
-0.01914636
-0.004844459
0.006800436
0.02864897
-0.0170174
0.0085449
0.008496489
-0.01442878
0.009537617
0.003207297
-0.00451238
-0.009037525
-0.0149739
-0.0005451507
0.02041232
0.006897512
0.002408943
-0.009719351
0.03017658
-0.0126441
0.002455917
-0.01212339
-2.412949e-05
0.005385125
0.005976161
0.007952484
-0.02049562
-0.009408195
-0.0192103
0.02227528
0.005739684
0.01099938
-0.002630777
0.01154762
0.009940255
0.008193251
0.004407221
0.003857783
0.01725735
-0.003427754
-0.009274974
-0.01540343
0.01870294
-0.002381901
0.006103676
0.02286881
-0.009736971
-0.02357867
0.02087588
0.006138323
0.00830418
0.0007777825
-0.005345449
-0.01437317
0.001018944
0.01594144
-0.02688741
0.007204616
0.004804533
-0.006236767
0.01418591
0.009709586
-0.0002888176
-0.006240799
-0.008036537
0.008796424
-0.003939856
0.00507857
-0.005280448
0.00302404
0.002301083
0.001226543
0.003248756
0.01328496
0.0095561
0.001735556
0.0008233593
-0.006278906
-0.002618734
0.007944223
-0.002105061
0.01976813
-0.01335828
0.009794941
-0.01781367
0.01258451
-0.006013033
0.0009938682
0.00394422
-0.002067187
0.0052671
0.002141879
-0.001991783
0.007369034
0.01060543
-0.0004001622
0.008348963
-0.01874577
0.0007872318
-0.005309898
-0.003469835
-0.002857765
0.003651311
0.009856071
-0.02249893
-0.03268344
0.002979197
-0.002059854
0.003244567
0.007300762
-0.00687639
-0.00825152
0.02398175
0.005283595
0.006103867
-0.003178044
-0.0004797649
-0.03473309
0.007649135
0.007479747
0.01020251
-0.002314679
0.01130184
-0.002556431
0.01055472
0.003759627
0.02159062
-0.005948425
-0.005984019
0.006408592
-0.02475254
0.006591619
-0.0165833
0.03029879
-0.009015127
0.0189211
-0.02455118
0.0001514271
-0.001905144
-0.02009346
0.002230545
-0.01408505
0.02614527
0.002242469
-0.001218579
0.003065395
0.01141761
-0.002557083
0.011998
0.01740746
0.005853507
0.001058738
0.01265889
-0.005526237
0.008512947
0.01208022
0.01093853
-0.0005191478
0.01133932
0.005533412
-0.001454273
0.01215815
0.01045587
0.01038577
-0.0121754
0.008553659
0.01677813
-0.008619051
0.02227166
0.0181366
-0.009063933
0.02110656
0.006306831
-0.01126184
0.01667675
-0.007113138
-0.006875871
0.007358848
0.001590184
0.006655275
0.01555651
0.01846022
-0.00278092
0.004596357
-0.003290744
0.00344478
0.005051415
-0.01329745
0.01857744
0.003633879
0.01232426
-0.0001667211
0.0116162
0.01715084
-0.001847844
-0.007148204
0.00648271
0.001265624
-0.02445716
0.01651272
0.01587447
0.02261804
0.03177764
-0.01286485
0.01698515
-0.02257186
-0.01701309
0.01244005
0.0142257
-0.007900536
0.01592212
-0.029633
0.01304452
0.01292251
-0.01826953
0.01617081
0.02546685
0.01424975
-0.01393582
0.006242436
-0.01114146
0.001485794
0.005667399
-0.01986407
-0.01725993
-0.01161178
-0.004440443
0.04096409
-0.0005888826
0.004686248
0.002732253
-0.02280586
0.005643645
0.03721371
0.009491433
-0.001223441
0.02200935
-0.001141199
0.01439653
-0.01402551
0.004057893
0.03771557
0.009261579
0.01494963
0.01101129
-0.02328023
-0.01492966
0.02738559
0.01052038
-0.01164265
0.0152172
0.02171122
-0.007305909
0.02009466
0.004315526
0.02368009
-0.008334108
-0.01375142
0.01773458
-0.01476742
-0.01150102
-0.0131197
-0.02086535
-0.02708199
0.03815648
-0.0012666
0.0603348
0.01442255
0.006007731
0.0206117
0.001474657
0.01140496
0.04027314
0.006060379
-0.01276616
0.03283708
-0.0002617692
-0.001506572
0.02533992
0.008855145
-0.01446315
-0.03568943
0.02491973
-0.02640842
0.03235688
-0.005547911
0.02838406
-0.005581019
0.02074155
0.002018573
-0.02388218
-0.002672563
-0.02911438
0.01399491
0.0009052041
0.0367381
-0.008016767
0.02928231
-0.03138837
-0.006957285
-0.01095995
0.04037164
-0.04978085
0.03580735
-0.004085236
0.02341854
0.03230004
0.00750785
0.01374693
0.01452355
0.006033163
0.0121642
0.02818756
-0.003390227
0.0245804
-0.01077298
0.01079081
-0.01328793
0.01175479
-0.0115382
0.0005322504
0.001568125
-0.01785367
0.02090179
-0.0135764
0.001645889
0.02914451
0.01159864
0.01550169
0.0190727
-0.03948866
-0.01780305
-0.02825382
-0.02481305
0.01724863
-0.05133027
-0.05323516
0.03547611
0.01087168
0.02388674
-0.04118102
-0.01832971
0.07061898
0.01339879
0.02581574
0.03781345
-0.01349104
0.03305291
0.02443362
-0.01316144
-0.008774407
0.01832301
0.03168056
0.002410883
0.0366288
-0.02527977
-0.01464108
0.04348291
-0.03195139
-0.007507552
0.007362267
-0.0007184639
0.02955105
0.0148793
0.003623975
-0.01277276
0.00847654
0.04135984
-0.02200773
0.02829195
-0.01609966
0.007327858
-0.005367503
-0.005629517
-0.02161837
0.01970716
-0.02602582
0.03732679
-0.02071432
0.05610862
0.008631335
0.01098499
-0.04456525
-0.02101607
-0.0216287
0.02084575
0.006703448
0.008685757
0.006630915
-0.004119727
-0.01208761
-0.04445045
0.004257594
0.04064203
-0.06862563
0.04256328
0.04600412
0.005341761
0.01867543
0.01841031
-0.003790582
0.01170576
-0.0114093
0.002811765
0.0259168
0.007453287
-0.01908866
0.01629424
-0.01637054
-0.05798474
0.04612724
-0.02649996
-0.03002558
-0.009502008
0.05529885
-0.01005636
0.04854883
0.04211282
-0.01908824
0.01178815
-0.111354
0.05589214
0.01239379
-0.01372613
-0.008179247
-0.009908466
-0.02077651
0.06954133
-0.01384385
0.005141371
-0.0158162
0.009060583
0.01656765
0.02079781
-0.01992597
-0.041591
0.0298619
0.006071985
0.0134165
0.00982606
0.009460942
-0.0174251
-0.01938367
-0.01172764
-0.00846382
-0.01934344
-0.02502318
0.01642707
-0.01249794
0.03357796
-0.04348493
0.001272994
-0.01915545
-0.01997811
0.04071892
-0.04306342
-0.004736324
0.01091315
-0.01674965
0.01543848
0.01803069
0.009201146
-0.004052616
-0.02605775
-0.01011363
-0.04371448
-0.009419217
-0.0006159912
-0.0695681
-0.009343641
0.01782532
-0.02787708
0.04764882
0.04903556
0.008068912
0.01076341
-0.01667046
0.03648684
-0.01095012
-0.01356693
0.00339711
-0.04082329
0.009009321
-0.0007919004
-0.02798564
0.02085468
-0.003981063
-0.004162784
0.007049146
-0.02012115
-0.02397096
0.01956693
-0.04430302
-0.04308208
0.006206647
-0.1233038
0.07492261
0.02882345
0.01874279
-0.01678465
0.02858663
-0.01588678
0.02999995
0.01623789
0.01021415
-0.009511874
0.01641645
-0.03087831
0.01922479
0.01399037
0.009847812
-0.02321826
-0.01585479
0.005042404
-0.009825108
-0.02342313
0.007235155
-0.01307216
0.03776077
0.02833705
0.001587641
-0.0150855
-0.001141015
-0.02172661
-0.01049368
0.01266465
-0.04438641
-0.002688586
-0.0173279
0.04775191
-0.0207914
-0.0155096
-0.03782429
-0.01991417
-0.01816311
0.0006872216
-0.0007984213
-0.07084128
-0.08329763
0.005986207
0.01327851
0.0500985
0.02191216
0.01293318
-0.02670155
-0.02447652
-0.004608312
-0.05120988
-0.02154609
-0.0329155
0.04247841
0.05708327
0.01488211
0.003680622
-0.006927724
0.01672463
0.02251801
0.00617082
-0.02605449
-0.02525513
0.007035531
-0.02299158
0.03721302
0.02067429
-0.02819765
-0.04581162
-0.006639139
-0.03086772
0.006247858
0.01578107
-0.008311036
-0.01468256
0.005270269
0.07234824
-0.03671209
0.01762031
-0.01207694
0.02869862
0.005835779
0.03419896
0.003573896
0.01159938
-0.01180296
0.03202498
0.02477384
0.0008601376
0.007136065
-0.01974803
0.00966412
0.0125415
-0.004840687
0.005381525
-0.01872875
-0.002615259
0.01329108
0.002409618
0.0149423
0.01318636
-0.002705867
0.01719813
-0.03881172
0.03256813
0.007940506
0.001212958
-0.01006658
0.02096607
0.002376517
-0.002719187
-0.01445147
0.02189736
0.003113697
0.01183735
0.01342726
0.006619219
0.01142286
0.01199832
0.01589108
0.001507941
-0.009169893
0.01022926
0.002665464
-0.001484833
0.0007251533
0.01035724
-0.03187199
-0.009675613
-0.001551032
0.03000398
-0.002183228
-0.004142579
0.005265452
-0.02962975
-0.007797046
-0.002734234
-0.0019549
0.02449721
0.001622649
0.0123686
-0.001276652
-0.0005199198
-0.008009609
-0.01123236
-0.01031537
-0.01388771
0.01418725
-0.0348654
0.0007798663
0.031022
0.008539972
0.005275951
0.009197659
0.004111053
-0.01647457
0.01908509
-0.008306596
-0.01250056
-0.01130711
0.03096464
0.03133035
0.01531723
-0.01174787
0.01046343
0.007178351
-0.002664833
0.005205243
0.01325133
0.001478119
-0.02145947
-0.001408794
-0.01415607
0.002983882
0.02667794
0.001885141
-0.003082888
0.008106295
0.008835105
-0.01819887
-0.008729018
-0.01544244
0.001279678
0.007034426
-0.03320696
0.008279852
0.004097054
0.01245614
-0.01487937
0.03007057
0.007956291
-0.002305003
0.001745908
0.01561061
-0.02108419
0.002405687
0.01447895
0.01316536
0.004679899
0.0004052094
-0.006307433
0.003231812
-0.008718111
-0.01205056
0.01066407
0.01907759
-0.002879699
-0.01844174
0.01106351
-0.02714721
-0.007832313
-0.005899855
0.01582881
0.01796991
0.01187858
0.01091441
0.01587939
-0.002502671
-0.004523735
0.0062928
0.00105686
-0.01618661
0.02933417
0.001678962
-0.02049422
0.01746854
-0.01545704
0.002338948
0.01585638
0.001699918
-0.001707695
-0.004523735
0.01995682
-0.003294807
-0.006220587
0.0004864209
-0.00493691
0.01704397
-0.0005111153
0.01149322
-0.0263829
-0.01892739
0.01030949
0.006276301
-0.0282795
-0.0006070755
-0.005640981
0.02044049
-0.003722849
-0.02340936
0.003303136
0.03038141
0.0006332795
-0.009913278
0.02768531
-0.005551805
0.01221768
-0.009264656
0.01584097
-0.00370478
0.0158984
0.01023304
0.01180772
0.002179768
0.006365776
-0.009512566
0.01209397
0.0145935
-0.0001784344
-0.0030311
0.009356756
0.01216118
-0.01150881
0.005330433
-0.006075024
0.01480081
-0.000160756
-0.00583309
0.01826166
-0.007157581
0.01208197
-0.002993124
-0.04511814
0.011233
-0.01139167
0.034831
-0.01067575
0.01598852
0.006276299
0.02144982
0.006526954
0.007700867
0.0001527367
0.0111604
-0.004620753
0.01350578
-0.0188375
0.01660247
-0.01999755
0.000525576
0.0178593
0.0143113
-0.01192266
-0.05022691
-0.01790491
0.01425871
-0.005311178
0.02285673
-0.003643315
-0.01396413
0.02090072
0.0275765
0.0006552007
0.01999844
0.002699301
-0.03995401
0.02282777
-0.01683494
-0.03776586
0.003461046
-0.01244397
0.027683
0.01575491
-0.02470015
0.01118421
-0.004029754
-0.04627622
-0.007544512
-0.05564476
0.004081672
0.047558
-0.04704705
0.01394875
0.002308458
-0.01675312
-0.02840131
-0.004051882
0.03161113
-0.01080653
0.04109876
-0.02779822
0.04223663
0.005387066
0.0114237
-0.01828627
0.02635179
-0.03528748
0.01761373
-0.02875902
-0.0004778348
-0.03144441
-0.03046871
-0.01218297
-0.01871069
0.0169513
-0.002318932
0.0020254
0.02817167
0.001449212
-0.004632498
-0.007277614
-0.03209594
0.007529991
0.002696692
-0.03388007
-0.09870929
-0.2008375
0.04493711
-0.07022007
0.09976186
-0.03975806
-0.06398086
-0.0876184
0.113559
-0.02276222
0.004169015
0.009221585
-0.01713018
0.06541177
-0.04550357
-0.04623711
-0.02160515
-0.007322867
0.0504332
-0.04927145
-0.07115581
-0.04646245
-0.0729419
0.1017175
0.01572397
0.05984824
0.03203284
0.0165507
0.01510894
-0.003882869
0.01294933
0.05725649
-0.05116697
0.004655686
0.03559348
0.02253718
0.006488911
-0.02675484
-0.002532383
-0.02476829
-0.01947625
0.06735127
0.04051314
0.008359029
0.0230245
-0.00634376
0.02171276
0.002725031
-0.01225248
0.02557526
0.02422639
-0.02264523
-0.01852598
0.04415276
0.01499684
-0.007456457
-0.04104011
0.03145381
0.02236098
-0.001922298
0.000100771
0.01318808
0.0003887687
-0.00356748
0.02154462
-0.01015364
0.02644309
-0.007847398
-0.03974867
-0.01652214
-0.00717745
0.008703486
0.03081705
-0.004228347
0.03050354
0.00986602
0.008580577
0.005751119
0.009818017
0.01371589
-0.001877218
0.02087726
-0.02545102
-0.06601537
0.02207914
-0.04317551
0.001580169
-0.02277418
0.02478237
0.02345852
-0.03714646
-0.05162768
0.05274147
-0.01220821
0.03486335
-0.0009618267
0.01802827
-0.03852556
-0.007029569
-0.00664707
0.03681209
0.004552765
0.01435274
0.02029748
-0.002117778
0.01636284
0.009430496
0.005840819
0.0001521793
0.03536111
-0.02197149
0.0004335407
-0.008647516
0.02925505
0.01272988
0.002825744
0.01028528
0.0006920073
0.01096035
0.01695338
-0.007676862
-0.005477247
0.02669445
0.01384862
0.01037371
-0.01737254
0.0009617604
-0.0128514
-0.01940852
0.02668107
0.01406562
-0.00318727
-0.006412764
0.01332316
0.0194231
-0.01731676
-0.001814756
-0.003369477
-0.001628936
-0.02351829
-0.02269912
0.0004090652
-0.002401662
0.0546277
0.00307811
-0.02079824
0.02170568
-0.04000078
-0.07460336
-0.01729926
-0.04802996
0.04632339
-0.002407789
-0.01695771
0.05214158
-0.0676832
-0.004418297
0.02102498
0.05809939
0.0111012
0.03712964
-0.02510453
0.008438396
-0.03888367
-0.0480061
0.07128424
0.008729836
-0.02871475
0.03676076
-0.006127799
0.0159426
0.008788795
0.02018908
0.0007219269
0.02147215
-0.001681843
0.01375085
0.003307711
0.002844235
0.0009049371
0.02400084
-0.005040606
0.008098182
-0.007404153
-0.02009933
0.006017225
0.01785162
-0.02471578
-0.01154101
-0.04393202
0.01729827
-0.03065113
0.03658279
0.01287627
-0.005840461
0.02012541
-0.005506396
0.001548963
0.00432443
0.01696154
0.003615482
0.01064061
0.008703956
-0.004969475
-0.003229611
0.02203646
0.01918306
-0.003841529
-0.01343087
0.01396494
-0.02238534
0.003214768
-0.01493808
0.001599362
-0.02458919
-0.01457832
0.03559024
0.004976441
0.00133361
-0.003171292
0.01165389
-0.01957287
0.04465165
0.003797888
0.009418453
0.011362
0.006770346
0.003140783
0.001224593
-0.002760809
0.001714006
0.02149058
0.006118441
-0.002444156
0.007869274
-0.01019068
0.02264163
-0.02137416
0.01720525
0.02013423
0.01187156
0.02046014
-0.01077467
-0.01149893
0.007721206
-0.01018325
-0.02131067
0.008659779
0.0158179
0.02916799
0.007057584
-0.000260033
0.010596
-0.01073196
-0.02126607
0.004621449
-0.01852339
0.01350332
0.01963472
0.01290229
-0.01067726
-0.000739153
0.007484463
0.02395918
0.008715148
0.001062072
0.00507891
0.01545096
0.003652552
0.0005816528
-0.0003988441
-0.01662978
0.02393231
0.0126132
-0.005461847
0.005988466
-0.00199401
-0.02668113
-0.004310296
0.008062405
0.02289098
-0.001295283
0.01255527
0.009947982
-0.01984918
0.01369623
-0.004779649
0.004013195
-0.02684376
0.02671508
-0.0007778191
0.009475195
-0.001415055
-0.0003301059
0.01199999
0.01205
0.01335932
-0.006835474
0.01370104
-0.000973556
0.01240639
-0.009041271
0.005398184
6.065623e-05
-0.02725419
0.003339581
0.01207743
0.01690939
0.007500453
0.00216399
-0.01110381
0.01244278
-0.01379853
-0.007568195
-0.03189199
-0.01021393
0.04041738
0.02685326
0.006849458
0.003880362
0.01154203
0.001965626
0.003770311
-0.03582803
0.03355104
0.008712865
-0.01474359
-0.006526886
-0.01249454
0.01591687
-0.0280882
0.02986549
0.01999846
0.006327162
-0.002752231
-0.01592079
-0.008660214
0.02629021
-0.0225861
0.002877894
0.01683893
-0.009982836
0.01739084
-0.004448633
0.003697607
0.003128169
0.001567543
-0.008820365
-0.00693291
0.0006114389
0.00755451
-0.004036591
-0.01182798
-7.700293e-05
0.02380159
-0.02234366
0.01156472
-0.01256531
0.006701681
-0.05941543
0.009081411
-0.03460625
0.02051968
-0.001541189
-0.01372484
0.01031251
0.03203805
0.009002022
0.02046676
0.002026813
0.009496091
-0.03695495
0.03216547
0.0004499268
0.0007555761
-0.03865919
-0.003394768
0.02726808
-0.008307156
-0.06149735
-0.02193466
0.01403163
0.01733277
-0.03151327
-0.008155299
0.02802518
0.01566062
0.02631328
0.01103888
0.01345388
-0.006677332
0.01793312
-0.01222235
0.01605042
0.005201014
-0.01264428
-0.003958901
-0.005131858
0.002786135
0.02251876
3.326386e-05
-0.001458722
-0.0119264
-0.01645838
0.03166169
0.01273389
0.01483846
0.006129023
-0.0006576467
0.004255754
0.0005403955
-8.238795e-05
-0.006813895
0.005031002
-0.02422238
0.005319878
0.01186395
0.001652487
-0.006723763
-0.009685808
0.003827644
-0.006912627
-0.01957992
0.03731112
0.008029747
0.01431124
-0.009715713
0.0303653
-0.0006463436
0.002529921
-0.01108697
0.01689655
-0.001028244
-0.001464968
0.01024095
0.001188988
0.008098059
0.01502401
0.006858213
0.006643604
-0.004424161
0.002378482
-0.01451459
0.007963155
-0.003043468
-0.01135252
0.0084402
0.01500592
0.006309259
-0.003503053
-0.003842717
0.0142117
0.009578045
-0.002997452
0.0005672784
0.002114421
-0.006125492
0.0007301175
0.01395885
0.005381412
-0.0001779466
0.001911517
-0.01444064
-0.006480581
0.007188956
0.0136192
-0.006124028
0.01564027
0.0007956066
0.006826617
0.01182567
0.001505084
0.008595375
0.002272999
0.002619517
-0.002143091
-0.001336893
0.00909815
0.01517771
0.003506056
0.009126643
0.00281016
-0.003632661
0.0256772
0.01558615
0.008598244
0.02202031
-0.03930949
-0.05299951
0.04211189
0.005504174
-0.02061286
0.0348057
-0.01247992
-0.06134572
0.02012261
-0.01387926
0.01970501
0.00519667
-8.61344e-05
-0.002433749
0.0238551
-0.00542212
0.003076795
0.004871769
0.01610943
0.00022663
-0.008954744
-0.01334136
0.01513301
0.0149217
0.000185617
0.006045579
0.007608937
-0.002492257
0.005929505
0.008580256
0.009289923
-0.01033754
0.0115293
0.008463263
-0.005369925
-0.00979736
-0.04191184
0.0002349256
-0.04021207
0.02392277
0.02105791
-0.01621849
-0.03863891
0.04733546
-0.04713795
-0.0126621
-0.07312228
0.02820048
0.01841539
0.02508617
0.02827239
-0.002230339
0.01555338
0.0004986154
0.02470098
0.006131124
0.003938286
-0.02185863
0.02853817
-0.007742981
0.0119573
0.02037391
0.005058474
-0.000818893
0.011925
0.00195735
-0.02204982
-0.007618967
-0.01177375
-0.02653379
0.0431254
0.004735819
0.02175011
-0.002953032
0.01640243
0.007781321
-0.01240669
0.01641028
-0.03149353
-0.004580707
-0.01032152
-0.01449514
0.02748901
0.01769682
0.00958225
-0.005107079
-0.01017165
-0.003307531
0.006166567
0.005348795
0.0120992
0.01456965
0.008496872
0.008813031
-0.003264432
0.009818865
0.001568322
0.007249814
0.01640718
0.005819348
-0.001596919
0.009384395
0.01949123
-0.01030943
-0.02145461
0.03119018
0.01563865
-0.01262609
-0.1220623
0.006125007
-0.0920347
-0.162279
0.09769671
-0.02100229
0.1142367
0.02992254
-0.01324414
-0.002127952
0.03440663
-0.0228197
0.03153643
0.02962339
0.04797782
-0.04896375
0.01838445
-0.02904838
0.03941177
0.01742866
0.01238436
-0.002825961
0.01710921
0.0242099
0.006415742
0.007181649
0.03210917
-0.02337537
-0.02541238
-0.006456052
-0.006349442
0.01503289
0.03772152
0.001916453
-0.00530139
-0.05804741
0.07067872
0.02134382
-0.007730981
0.022461
0.01656468
-0.00968694
0.01246477
-0.00171329
0.0142137
0.01810157
-0.01486408
0.0192444
-0.03368102
0.04541986
0.01227376
-0.007172121
-0.02476462
0.008046477
0.02605067
-0.007698178
0.0155791
0.01134056
0.02673717
0.01363229
-0.001267158
0.0002391961
0.01222539
-0.01397759
-0.004319541
0.01154323
0.006113435
0.004140414
-0.01925203
0.02705219
0.016597
0.003946389
-0.009748511
0.01936904
-0.003753877
0.009343656
0.007070591
-0.005910467
0.01512707
0.005762456
-0.01708959
-0.005755994
0.005060442
-0.02234186
0.007841447
0.01806049
0.01631083
0.01321946
0.01981163
-0.003129873
0.003221444
-0.02224228
-0.0123049
0.03753552
-0.01958344
0.0225015
0.008510431
-0.01888194
-0.003036377
-0.05849063
0.00768089
0.01537799
-0.01836313
-0.01591592
0.008193715
-0.01280322
-0.02919636
0.0597379
0.01775271
0.0006160917
-0.01274739
-0.02155051
-0.02788844
-0.0332859
-0.002081176
-0.02441441
-0.03092383
0.06376673
-0.01202422
-0.05187067
-0.05968745
0.06247267
-0.02233753
0.01917278
-0.009332058
0.02517005
0.0416921
0.00360098
0.03203942
-0.01214545
-0.04123615
-0.03342863
0.03581637
-0.04887954
-0.04761321
-0.01438862
